请求地址：https://quote.6006.com

【即时行情-全部数据】

    用途说明：
	    用于单个或者多个合约的数据详细图案展示，合约详情页

    访问示例：

	    http(s)://quote.xxx.com/quote.jsp?callback=jQuery223024585961298531678_1493689590639&code=GC1706&_=1493633

	参数说明：

                callback 回调函数
		code：查看的合约代码，可支持同时多个合约一起查询，如：IF1508,IF1509

	返回说明：
		{success:false,errorCode:!=0,errorMsg:'失败描述'};
	　	{success:true,data:''};
	　	data：合约代码,委托卖价,委托卖量,委托买价,委托买量,昨收价,开盘价,最高价,最低价,最新价,结算价,成交量,成交金额,持仓量,昨持仓,昨结算价,涨停板价,跌停板价,行情时间,下跌预警线(%),上涨预警线(%),行情实际时间
	　　　　      （行情时间格式为：毫秒数）

	返回示例：
	jQuery223024585961298531678_1493689590639({success:true,data:'GC1706,1257.8,12,1257.7,14,1255.5,1257.4,1258.8,1256.5,1257.8,0.0,1255.5,20002,0,330094,0,1255.5,1355.5,1155.5,1493702040000,-20.0,20.0,1493702040000'});


【即时行情-简单数据】

    用途说明：
	    计算市值或盈亏时使用，如首页（多合约简单数据）或持仓页面时使用

    访问示例：

	    http(s)://quote.xxx.com/quote.jsp?callback=jQuery22302093704181419569_1493706079512&code=CL1706,GC1706,SI1707,HSI1705,MHI1705,CN1705,DAX1706,rb1710,pp1705,ni1705,cu1705,ag1706,au1706,SR705,ru1709,TF1512,IF1706,IC1706,IH1706&simple=true&t=1493706082886&_=1493706079516

	参数说明：

                callback 回调函数
		code：查看的合约代码，可支持同时多个合约一起查询，如：IF1508,IF1509
		simple：true是返回简单的行情数据

	返回说明：
		QUOTE_DATA={success:false,errorCode:!=0,errorMsg:'失败描述'};
	　	QUOTE_DATA={success:true,data:''};
		data：合约代码,涨跌（-1跌，1涨）,最新价,开盘价
	　　	    　
	返回示例：
	jQuery22302093704181419569_1493706079512({success:true,data:'CL1706,-1,48.65,48.84;GC1706,1,1256.7,1255.5;SI1707,1,16.945,16.842;HSI1705,-1,24508,24561;MHI1705,-1,24509,24561;CN1705,-1,10327.5,10382.5;DAX1706,1,12481.0,12467.5'});


【分时行情】

    访问示例：
	- 第一步：访问分时历史数据
	    http(s)://quote.xxx.com/minute.jsp?callback=jQuery22306389197914368026_1493706777804&code=CL1706&_=1493706777805
	- 第二步：定时访问即时行情数据
	    http(s)://quote.xxx.com/quote.jsp?callback=jQuery22306389197914368026_1493706777806&code=CL1706&_=1493706780135

	参数说明：
	    callback 回调函数
		code：查看的合约代码，同时只能查询一个合约

	返回说明：
		{success:false,errorCode:!=0,errorMsg:'失败描述'};
		{success:true,data:''};
		data：当前价格,平均价格,分成交量,时间;...
		　　　（最后一分钟时，会多一个总成交量，用以计算下分钟的成交量）
		　　　（时间格式为：小时+分钟，如：915,1015,1115）

	返回示例：
	    jQuery22306389197914368026_1493706777804({success:true,data:'48.78,0.00,17,925;48.77,0.00,8,926;48.78,0.00,48,927;48.77,0.00,65,928;48.78,0.00,48,929;48.76,0.00,32,930;48.77,0.00,5,931;48.77,0.00,26,932;48.77,0.00,10,933;48.76,0.00,33,934;48.77,0.00,17,935;48.76,0.00,24,936;48.76,0.00,19,937;48.76,0.00,130,938;48.76,0.00,25,939;48.76,0.00,67,940;48.76,0.00,36,941;48.77,0.00,25,942;48.78,0.00,18,943;48.77,0.00,32,944;48.77,0.00,52,945;48.78,0.00,11,946;48.78,0.00,41,947;48.77,0.00,23,948;48.77,0.00,15,949;48.77,0.00,19,950;48.76,0.00,9,951;48.77,0.00,7,952;48.77,0.00,5,953;48.77,0.00,5,954;48.77,0.00,9,955;48.77,0.00,27,956;48.77,0.00,33,957;48.77,0.00,3,958;48.77,0.00,28,959;48.76,0.00,47,1000;48.77,0.00,4,1001;48.76,0.00,21,1002;48.76,0.00,39,1003;48.74,0.00,70,1004;48.75,0.00,109,1005;48.75,0.00,26,1006;48.75,0.00,14,1007;48.75,0.00,16,1008;48.75,0.00,53,1009;48.75,0.00,32,1010;48.74,0.00,6,1011;48.74,0.00,4,1012;48.74,0.00,8,1013;48.75,0.00,25,1014;48.75,0.00,34,1015;48.75,0.00,1,1016;48.76,0.00,7,1017;48.76,0.00,5,1018;48.76,0.00,20,1019;48.76,0.00,12,1020;48.75,0.00,4,1021;48.75,0.00,19,1022;48.76,0.00,14,1023;48.75,0.00,6,1024;48.76,0.00,4,1025;48.75,0.00,41,1026;48.76,0.00,4,1027;48.75,0.00,62,1028;48.75,0.00,19,1029;48.74,0.00,12,1030;48.75,0.00,82,1031;48.74,0.00,19,1032;48.73,0.00,57,1033;48.73,0.00,37,1034;48.73,0.00,8,1035;48.72,0.00,32,1036;48.73,0.00,26,1037;48.73,0.00,180,1038;48.74,0.00,6,1039;48.73,0.00,25,1040;48.74,0.00,15,1041;48.73,0.00,26,1042;48.74,0.00,35,1043;48.73,0.00,26,1044;48.74,0.00,27,1045;48.75,0.00,48,1046;48.75,0.00,29,1047;48.77,0.00,83,1048;48.77,0.00,20,1049;48.77,0.00,18,1050;48.77,0.00,55,1051;48.76,0.00,60,1052;48.76,0.00,22,1053;48.76,0.00,16,1054;48.76,0.00,11,1055;48.76,0.00,25,1056;48.77,0.00,1422,1057;48.75,0.00,61,1058;48.75,0.00,19,1059;48.75,0.00,56,1100;48.75,0.00,18,1101;48.75,0.00,16,1102;48.75,0.00,10,1103;48.75,0.00,6,1104;48.75,0.00,14,1105;48.74,0.00,27,1106;48.73,0.00,15,1107;48.74,0.00,11,1108;48.73,0.00,13,1109;48.73,0.00,57,1110;48.73,0.00,6,1111;48.74,0.00,5,1112;48.73,0.00,3,1113;48.73,0.00,10,1114;48.72,0.00,152,1115;48.74,0.00,55,1116;48.74,0.00,32,1117;48.73,0.00,23,1118;48.75,0.00,88,1119;48.76,0.00,71,1120;48.75,0.00,20,1121;48.75,0.00,15,1122;48.76,0.00,2,1123;48.76,0.00,19,1124;48.76,0.00,74,1125;48.75,0.00,18,1126;48.76,0.00,35,1127;48.75,0.00,1,1128;48.75,0.00,3,1129;48.75,0.00,24,1130;48.74,0.00,11,1131;48.74,0.00,11,1132;48.74,0.00,1,1134;48.74,0.00,6,1135;48.74,0.00,10,1137;48.75,0.00,6,1138;48.75,0.00,38,1139;48.74,0.00,4,1141;48.75,0.00,3,1142;48.75,0.00,2,1143;48.74,0.00,5,1144;48.74,0.00,17,1145;48.74,0.00,3,1146;48.75,0.00,24,1147;48.75,0.00,1,1148;48.74,0.00,7,1149;48.75,0.00,3,1150;48.74,0.00,15,1151;48.74,0.00,3,1152;48.74,0.00,6,1154;48.76,0.00,34,1155;48.75,0.00,5,1156;48.76,0.00,3,1157;48.76,0.00,202,1158;48.77,0.00,67,1159;48.77,0.00,26,1200;48.78,0.00,80,1201;48.78,0.00,46,1202;48.76,0.00,116,1203;48.75,0.00,93,1204;48.74,0.00,177,1205;48.75,0.00,102,1206;48.75,0.00,29,1207;48.74,0.00,30,1208;48.75,0.00,30,1209;48.74,0.00,11,1210;48.75,0.00,7,1211;48.75,0.00,2,1212;48.75,0.00,3,1213;48.75,0.00,1,1214;48.75,0.00,12,1216;48.75,0.00,2,1217;48.75,0.00,3,1218;48.75,0.00,32,1219;48.74,0.00,1,1220;48.76,0.00,11,1221;48.75,0.00,8,1222;48.74,0.00,6,1223;48.74,0.00,20,1224;48.73,0.00,43,1225;48.73,0.00,6,1226;48.73,0.00,9,1227;48.73,0.00,40,1228;48.74,0.00,78,1229;48.74,0.00,9,1230;48.75,0.00,20,1231;48.74,0.00,2,1232;48.74,0.00,1,1233;48.74,0.00,12,1234;48.74,0.00,5,1235;48.75,0.00,86,1236;48.75,0.00,2,1237;48.75,0.00,16,1238;48.75,0.00,1,1239;48.74,0.00,18,1240;48.74,0.00,10,1241;48.74,0.00,20,1242;48.74,0.00,3,1243;48.73,0.00,5,1244;48.73,0.00,3,1245;48.73,0.00,27,1246;48.74,0.00,10,1247;48.73,0.00,3,1248;48.74,0.00,3,1249;48.73,0.00,6,1252;48.74,0.00,11,1253;48.73,0.00,3,1254;48.73,0.00,4,1255;48.73,0.00,83,1256;48.73,0.00,16,1257;48.73,0.00,11,1258;48.73,0.00,11,1259;48.73,0.00,12,1300;48.74,0.00,17,1301;48.73,0.00,5,1302;48.74,0.00,25,1303;48.73,0.00,6,1304;48.74,0.00,7,1305;48.72,0.00,43,1306;48.72,0.00,41,1307;48.71,0.00,155,1308;48.70,0.00,171,1309;48.67,0.00,212,1310;48.66,0.00,390,1311;48.66,0.00,55,1312;48.65,0.00,81,1313;48.66,0.00,63,1314;48.66,0.00,47,1315;48.66,0.00,61,1316;48.64,0.00,115,1317;48.65,0.00,61,1318;48.65,0.00,24,1319;48.65,0.00,90,1320;48.63,0.00,128,1321;48.63,0.00,118,1322;48.64,0.00,106,1323;48.64,0.00,51,1324;48.64,0.00,48,1325;48.64,0.00,12,1326;48.63,0.00,24,1327;48.63,0.00,127,1328;48.62,0.00,89,1329;48.62,0.00,49,1330;48.63,0.00,59,1331;48.62,0.00,16,1332;48.64,0.00,39,1333;48.64,0.00,100,1334;48.65,0.00,47,1335;48.65,0.00,47,1336;48.65,0.00,53,1337;48.66,0.00,13,1338;48.66,0.00,33,1339;48.66,0.00,52,1340;48.65,0.00,27,1341;48.66,0.00,45,1342;48.65,0.00,51,1343;48.65,0.00,72,1344;48.65,0.00,46,1345;48.66,0.00,146,1346;48.65,0.00,49,1347;48.65,0.00,46,1348;48.65,0.00,16,1349;48.66,0.00,12,1350;48.65,0.00,100,1351;48.66,0.00,70,1352;48.67,0.00,34,1353;48.67,0.00,32,1354;48.65,0.00,35,1355;48.65,0.00,8,1356;48.66,0.00,14,1357;48.66,0.00,49,1358;48.66,0.00,30,1359;48.66,0.00,108,1400;48.63,0.00,144,1401;48.64,0.00,84,1402;48.64,0.00,16,1403;48.60,0.00,410,1404;48.62,0.00,261,1405;48.61,0.00,95,1406;48.64,0.00,185,1407;48.63,0.00,42,1408;48.61,0.00,101,1409;48.61,0.00,96,1410;48.62,0.00,135,1411;48.62,0.00,107,1412;48.63,0.00,91,1413;48.62,0.00,102,1414;48.63,0.00,254,1415;48.64,0.00,14,1416;48.66,0.00,177,1417;48.67,0.00,150,1418;48.67,0.00,64,1419;48.64,0.00,43,1420;48.65,0.00,59,1421;48.66,0.00,36,1422;48.65,0.00,52,1423;48.66,0.00,58,1424;48.66,0.00,56,1425;48.67,0.00,9,1426;48.67,0.00,5,1427;48.64,0.00,80,1428;48.64,0.00,80,1429;48.64,0.00,60,1430;48.64,0.00,7,1431,19993'});
        jQuery22306389197914368026_1493706777806({success:true,data:'CL1706,48.79,19,48.78,20,48.84,48.78,48.80,48.54,48.79,0.00,48.84,27203,0,574418,0,48.84,58.84,38.84,1493708656000,-20.0,20.0,1493708656000'});

【日K线行情】

    访问示例
    - 第一步：访问日K线历史数据
	    http(s)://quote..com/kline.jsp?callback=jQuery22306389197914368026_1493706777804&code=CL1706&time=&size=-300&minute=D&_=1493706778880
	- 第二步：定时访问即时行情数据
	    http(s)://quote.xxx.com/quote.jsp?callback=jQuery22306389197914368026_1493706777806&code=CL1706&_=1493706780023

	参数说明：
	    callback 回调函数
		code：查看的合约代码，同时只能查询一个合约

	返回说明：
		{success:false,errorCode:!=0,errorMsg:'失败描述'};
		{success:true,data:''};
		data：开盘价,最高价,最低价,收盘价,结算价,成交量,成交金额,持仓量,时间;开盘价,最高价,最低价,收盘价,结算价,成交量,成交金额,持仓量,时间
		　　　（时间格式为：20150808）

	返回示例：
	    jQuery22306389197914368026_1493706777804({success:true,data:'53.60,53.84,53.10,53.80,53.79,234920,0,428508,20170411;53.79,54.14,53.14,53.23,53.52,283918,0,468817,20170412;53.35,53.80,53.24,53.34,53.60,242348,0,517502,20170413;53.34,53.63,53.02,53.22,53.11,216794,0,547542,20170417;53.19,53.30,52.54,52.76,52.85,455479,0,565300,20170418;52.75,53.08,50.51,51.00,50.85,808180,0,584650,20170419;51.03,51.38,50.50,50.73,50.71,593036,0,610285,20170420;50.71,50.93,49.20,49.63,49.62,662805,0,620206,20170421;49.68,50.22,49.03,49.21,49.23,500363,0,620044,20170424;49.22,49.83,48.87,49.36,49.56,570209,0,621205,20170425;49.36,50.20,48.94,49.21,49.62,627389,0,607386,20170426;49.22,49.43,48.20,49.24,48.97,750914,0,602246,20170427;49.27,49.76,48.80,49.19,49.33,613757,0,591781,20170428;49.17,49.32,48.59,48.74,48.84,353111,0,572455,20170501'});
        jQuery22306389197914368026_1493706777806({success:true,data:'CL1706,48.77,28,48.76,23,48.84,48.78,48.80,48.54,48.76,0.00,48.84,26428,0,574418,0,48.84,58.84,38.84,1493708588000,-20.0,20.0,1493708588000'});

【分钟线行情】

    访问示例(一分钟行情示例)
	- 第一步：访问分钟历史数据
	    http(s)://quote.xxx.com/mkline.jsp?callback=jQuery22306389197914368026_1493706777806&code=CL1706&time=&size=-300&minute=1&_=1493706779185
	- 第二步：定时访问即时行情数据数据
	    http(s)://quote.xxx.com/quote.jsp?callback=jQuery22306389197914368026_1493706777806&code=CL1706&_=1493706779186

	参数说明：
	    callback 回调函数
		code：查看的合约代码，同时只能查询一个合约
		size: 默认0，返回1400条数据；-300表示只取当前时间点往后300条数据
		minute: 分钟，1、3、5、15

	返回说明：
		{success:false,errorCode:!=0,errorMsg:'失败描述'};
		{success:true,data:''};
		data：开盘价,最高价,最低价,收盘价,结算价,成交量,成交金额,持仓量,时间;开盘价,最高价,最低价,收盘价,结算价,成交量,成交金额,持仓量,时间
		　　　（时间格式为：20150808）

	返回示例：
	    jQuery22306389197914368026_1493706777806({success:true,data:'48.77,48.78,48.77,48.78,48.78,11,0,572455,201705020947;48.78,48.78,48.77,48.78,48.78,41,0,572455,201705020948;48.78,48.78,48.77,48.77,48.77,23,0,572455,201705020949;48.77,48.78,48.77,48.77,48.77,15,0,572455,201705020950;48.77,48.78,48.77,48.77,48.77,19,0,572455,201705020951;48.77,48.77,48.76,48.76,48.76,9,0,572455,201705020952;48.76,48.77,48.76,48.77,48.77,7,0,572455,201705020953;48.77,48.77,48.77,48.77,48.77,5,0,572455,201705020954;48.77,48.77,48.76,48.77,48.77,5,0,572455,201705020955;48.77,48.77,48.77,48.77,48.77,9,0,572455,201705020956;48.77,48.78,48.76,48.77,48.77,27,0,572455,201705020957;48.77,48.77,48.76,48.77,48.77,33,0,572455,201705020958;48.77,48.77,48.77,48.77,48.77,3,0,572455,201705020959;48.77,48.78,48.77,48.77,48.77,28,0,572455,201705021000;48.77,48.78,48.76,48.76,48.76,47,0,572455,201705021001;48.76,48.77,48.76,48.77,48.77,4,0,572455,201705021002;48.77,48.77,48.76,48.76,48.76,21,0,572455,201705021003;48.76,48.76,48.76,48.76,48.76,39,0,572455,201705021004;48.76,48.76,48.74,48.74,48.74,70,0,572455,201705021005;48.75,48.76,48.75,48.75,48.75,109,0,572455,201705021006;48.75,48.76,48.74,48.75,48.75,26,0,572455,201705021007;48.75,48.76,48.75,48.75,48.75,14,0,572455,201705021008;48.75,48.76,48.75,48.75,48.75,16,0,572455,201705021009;48.75,48.75,48.74,48.75,48.75,53,0,572455,201705021010;48.75,48.76,48.75,48.75,48.75,32,0,572455,201705021011;48.75,48.75,48.74,48.74,48.74,6,0,572455,201705021012;48.74,48.74,48.74,48.74,48.74,4,0,572455,201705021013;48.74,48.75,48.74,48.74,48.74,8,0,572455,201705021014;48.74,48.75,48.74,48.75,48.75,25,0,572455,201705021015;48.75,48.76,48.75,48.75,48.75,34,0,572455,201705021016;48.75,48.75,48.75,48.75,48.75,1,0,572455,201705021017;48.75,48.76,48.75,48.76,48.76,7,0,572455,201705021018;48.76,48.76,48.76,48.76,48.76,5,0,572455,201705021019;48.76,48.76,48.75,48.76,48.76,20,0,572455,201705021020;48.76,48.76,48.75,48.76,48.76,12,0,572455,201705021021;48.76,48.76,48.75,48.75,48.75,4,0,572455,201705021022;48.76,48.76,48.75,48.75,48.75,19,0,572455,201705021023;48.75,48.76,48.75,48.76,48.76,14,0,572455,201705021024;48.76,48.76,48.75,48.75,48.75,6,0,572455,201705021025;48.75,48.76,48.75,48.76,48.76,4,0,572455,201705021026;48.76,48.76,48.75,48.75,48.75,41,0,572455,201705021027;48.75,48.76,48.75,48.76,48.76,4,0,572455,201705021028;48.76,48.76,48.75,48.75,48.75,62,0,572455,201705021029;48.75,48.75,48.74,48.75,48.75,19,0,572455,201705021030;48.75,48.75,48.74,48.74,48.74,12,0,572455,201705021031;48.74,48.75,48.74,48.75,48.75,82,0,572455,201705021032;48.75,48.75,48.74,48.74,48.74,19,0,572455,201705021033;48.74,48.74,48.73,48.73,48.73,57,0,572455,201705021034;48.73,48.74,48.72,48.73,48.73,37,0,572455,201705021035;48.73,48.73,48.72,48.73,48.73,8,0,572455,201705021036;48.73,48.73,48.72,48.72,48.72,32,0,572455,201705021037;48.72,48.73,48.72,48.73,48.73,26,0,572455,201705021038;48.73,48.74,48.72,48.73,48.73,180,0,572455,201705021039;48.73,48.74,48.73,48.74,48.74,6,0,572455,201705021040;48.73,48.74,48.73,48.73,48.73,25,0,572455,201705021041;48.73,48.74,48.73,48.74,48.74,15,0,572455,201705021042;48.74,48.74,48.73,48.73,48.73,26,0,572455,201705021043;48.73,48.74,48.73,48.74,48.74,35,0,572455,201705021044;48.74,48.74,48.73,48.73,48.73,26,0,572455,201705021045;48.72,48.74,48.72,48.74,48.74,27,0,572455,201705021046;48.74,48.75,48.73,48.75,48.75,48,0,572455,201705021047;48.75,48.75,48.74,48.75,48.75,29,0,572455,201705021048;48.75,48.77,48.75,48.77,48.77,83,0,572455,201705021049;48.76,48.77,48.76,48.77,48.77,20,0,572455,201705021050;48.76,48.77,48.76,48.77,48.77,18,0,572455,201705021051;48.77,48.77,48.76,48.77,48.77,55,0,572455,201705021052;48.77,48.77,48.76,48.76,48.76,60,0,572455,201705021053;48.76,48.77,48.76,48.76,48.76,22,0,572455,201705021054;48.76,48.77,48.76,48.76,48.76,16,0,572455,201705021055;48.76,48.77,48.76,48.76,48.76,11,0,572455,201705021056;48.76,48.76,48.76,48.76,48.76,25,0,572455,201705021057;48.76,48.77,48.76,48.77,48.77,1422,0,572455,201705021058;48.77,48.77,48.74,48.75,48.75,61,0,572455,201705021059;48.75,48.75,48.74,48.75,48.75,19,0,572455,201705021100;48.75,48.76,48.74,48.75,48.75,56,0,572455,201705021101;48.75,48.75,48.74,48.75,48.75,18,0,572455,201705021102;48.75,48.75,48.75,48.75,48.75,16,0,572455,201705021103;48.75,48.75,48.74,48.75,48.75,10,0,572455,201705021104;48.75,48.75,48.75,48.75,48.75,6,0,572455,201705021105;48.75,48.75,48.74,48.75,48.75,14,0,572455,201705021106;48.75,48.75,48.73,48.74,48.74,27,0,572455,201705021107;48.74,48.74,48.73,48.73,48.73,15,0,572455,201705021108;48.73,48.74,48.73,48.74,48.74,11,0,572455,201705021109;48.74,48.74,48.73,48.73,48.73,13,0,572455,201705021110;48.73,48.74,48.73,48.73,48.73,57,0,572455,201705021111;48.73,48.74,48.73,48.73,48.73,6,0,572455,201705021112;48.73,48.74,48.73,48.74,48.74,5,0,572455,201705021113;48.74,48.74,48.73,48.73,48.73,3,0,572455,201705021114;48.73,48.73,48.73,48.73,48.73,10,0,572455,201705021115;48.73,48.73,48.72,48.72,48.72,152,0,572455,201705021116;48.72,48.74,48.71,48.74,48.74,55,0,572455,201705021117;48.74,48.74,48.73,48.74,48.74,32,0,572455,201705021118;48.74,48.74,48.72,48.73,48.73,23,0,572455,201705021119;48.73,48.75,48.72,48.75,48.75,88,0,572455,201705021120;48.75,48.76,48.75,48.76,48.76,71,0,572455,201705021121;48.76,48.76,48.75,48.75,48.75,20,0,572455,201705021122;48.75,48.75,48.75,48.75,48.75,15,0,572455,201705021123;48.75,48.76,48.75,48.76,48.76,2,0,572455,201705021124;48.76,48.76,48.75,48.76,48.76,19,0,572455,201705021125;48.76,48.76,48.74,48.76,48.76,74,0,572455,201705021126;48.75,48.76,48.75,48.75,48.75,18,0,572455,201705021127;48.75,48.76,48.74,48.76,48.76,35,0,572455,201705021128;48.76,48.76,48.75,48.75,48.75,1,0,572455,201705021129;48.76,48.76,48.75,48.75,48.75,3,0,572455,201705021130;48.75,48.75,48.75,48.75,48.75,24,0,572455,201705021131;48.74,48.75,48.74,48.74,48.74,11,0,572455,201705021132;48.74,48.74,48.74,48.74,48.74,11,0,572455,201705021133;48.74,48.74,48.74,48.74,48.74,0,0,572455,201705021134;48.74,48.74,48.74,48.74,48.74,1,0,572455,201705021135;48.75,48.75,48.74,48.74,48.74,6,0,572455,201705021136;48.74,48.74,48.74,48.74,48.74,0,0,572455,201705021137;48.74,48.75,48.74,48.74,48.74,10,0,572455,201705021138;48.74,48.75,48.74,48.75,48.75,6,0,572455,201705021139;48.75,48.75,48.75,48.75,48.75,38,0,572455,201705021140;48.75,48.75,48.75,48.75,48.75,0,0,572455,201705021141;48.75,48.75,48.74,48.74,48.74,4,0,572455,201705021142;48.74,48.75,48.74,48.75,48.75,3,0,572455,201705021143;48.75,48.75,48.75,48.75,48.75,2,0,572455,201705021144;48.74,48.75,48.74,48.74,48.74,5,0,572455,201705021145;48.74,48.75,48.74,48.74,48.74,17,0,572455,201705021146;48.74,48.74,48.74,48.74,48.74,3,0,572455,201705021147;48.75,48.75,48.75,48.75,48.75,24,0,572455,201705021148;48.75,48.75,48.75,48.75,48.75,1,0,572455,201705021149;48.75,48.75,48.74,48.74,48.74,7,0,572455,201705021150;48.74,48.75,48.74,48.75,48.75,3,0,572455,201705021151;48.75,48.75,48.74,48.74,48.74,15,0,572455,201705021152;48.74,48.74,48.74,48.74,48.74,3,0,572455,201705021153;48.74,48.75,48.74,48.74,48.74,6,0,572455,201705021155;48.74,48.76,48.74,48.76,48.76,34,0,572455,201705021156;48.76,48.76,48.75,48.75,48.75,5,0,572455,201705021157;48.75,48.76,48.75,48.76,48.76,3,0,572455,201705021158;48.76,48.77,48.76,48.76,48.76,202,0,572455,201705021159;48.76,48.77,48.76,48.77,48.77,67,0,572455,201705021200;48.77,48.77,48.76,48.77,48.77,26,0,572455,201705021201;48.77,48.79,48.77,48.78,48.78,80,0,572455,201705021202;48.78,48.79,48.78,48.78,48.78,46,0,572455,201705021203;48.78,48.78,48.76,48.76,48.76,116,0,572455,201705021204;48.76,48.76,48.75,48.75,48.75,93,0,572455,201705021205;48.74,48.74,48.74,48.74,48.74,177,0,572455,201705021206;48.74,48.75,48.74,48.75,48.75,102,0,572455,201705021207;48.75,48.75,48.74,48.75,48.75,29,0,572455,201705021208;48.75,48.75,48.73,48.74,48.74,30,0,572455,201705021209;48.74,48.75,48.74,48.75,48.75,30,0,572455,201705021210;48.75,48.75,48.74,48.74,48.74,11,0,572455,201705021211;48.75,48.75,48.74,48.75,48.75,7,0,572455,201705021212;48.75,48.75,48.74,48.75,48.75,2,0,572455,201705021213;48.75,48.75,48.75,48.75,48.75,3,0,572455,201705021214;48.75,48.75,48.75,48.75,48.75,1,0,572455,201705021215;48.75,48.75,48.75,48.75,48.75,0,0,572455,201705021216;48.75,48.75,48.75,48.75,48.75,12,0,572455,201705021217;48.75,48.75,48.75,48.75,48.75,2,0,572455,201705021218;48.75,48.75,48.75,48.75,48.75,3,0,572455,201705021219;48.76,48.76,48.75,48.75,48.75,32,0,572455,201705021220;48.75,48.75,48.74,48.74,48.74,1,0,572455,201705021221;48.75,48.76,48.75,48.76,48.76,11,0,572455,201705021222;48.76,48.76,48.75,48.75,48.75,8,0,572455,201705021223;48.75,48.75,48.74,48.74,48.74,6,0,572455,201705021224;48.74,48.75,48.74,48.74,48.74,20,0,572455,201705021225;48.74,48.74,48.73,48.73,48.73,43,0,572455,201705021226;48.73,48.74,48.73,48.73,48.73,6,0,572455,201705021227;48.73,48.74,48.73,48.73,48.73,9,0,572455,201705021228;48.73,48.74,48.73,48.73,48.73,40,0,572455,201705021229;48.73,48.74,48.73,48.74,48.74,78,0,572455,201705021230;48.74,48.75,48.74,48.74,48.74,9,0,572455,201705021231;48.74,48.75,48.74,48.75,48.75,20,0,572455,201705021232;48.75,48.75,48.74,48.74,48.74,2,0,572455,201705021233;48.74,48.74,48.74,48.74,48.74,1,0,572455,201705021234;48.74,48.75,48.74,48.74,48.74,12,0,572455,201705021235;48.74,48.75,48.74,48.74,48.74,5,0,572455,201705021236;48.74,48.75,48.74,48.75,48.75,86,0,572455,201705021237;48.75,48.75,48.75,48.75,48.75,2,0,572455,201705021238;48.75,48.75,48.75,48.75,48.75,16,0,572455,201705021239;48.75,48.75,48.75,48.75,48.75,1,0,572455,201705021240;48.75,48.76,48.74,48.74,48.74,18,0,572455,201705021241;48.74,48.75,48.74,48.74,48.74,10,0,572455,201705021242;48.74,48.74,48.74,48.74,48.74,20,0,572455,201705021243;48.74,48.74,48.74,48.74,48.74,3,0,572455,201705021244;48.74,48.74,48.73,48.73,48.73,5,0,572455,201705021245;48.73,48.74,48.73,48.73,48.73,3,0,572455,201705021246;48.73,48.73,48.73,48.73,48.73,27,0,572455,201705021247;48.73,48.74,48.73,48.74,48.74,10,0,572455,201705021248;48.74,48.74,48.73,48.73,48.73,3,0,572455,201705021249;48.73,48.74,48.73,48.74,48.74,3,0,572455,201705021250;48.74,48.74,48.74,48.74,48.74,0,0,572455,201705021252;48.74,48.74,48.73,48.73,48.73,6,0,572455,201705021253;48.73,48.74,48.73,48.74,48.74,11,0,572455,201705021254;48.74,48.74,48.73,48.73,48.73,3,0,572455,201705021255;48.73,48.73,48.73,48.73,48.73,4,0,572455,201705021256;48.73,48.74,48.73,48.73,48.73,83,0,572455,201705021257;48.73,48.74,48.73,48.73,48.73,16,0,572455,201705021258;48.73,48.74,48.73,48.73,48.73,11,0,572455,201705021259;48.73,48.74,48.73,48.73,48.73,11,0,572455,201705021300;48.73,48.74,48.73,48.73,48.73,12,0,572455,201705021301;48.74,48.74,48.73,48.74,48.74,17,0,572455,201705021302;48.73,48.74,48.73,48.73,48.73,5,0,572455,201705021303;48.73,48.74,48.73,48.74,48.74,25,0,572455,201705021304;48.74,48.74,48.73,48.73,48.73,6,0,572455,201705021305;48.73,48.74,48.73,48.74,48.74,7,0,572455,201705021306;48.74,48.74,48.72,48.72,48.72,43,0,572455,201705021307;48.72,48.73,48.72,48.72,48.72,41,0,572455,201705021308;48.72,48.73,48.70,48.71,48.71,155,0,572455,201705021309;48.71,48.71,48.69,48.70,48.70,171,0,572455,201705021310;48.70,48.70,48.67,48.67,48.67,212,0,572455,201705021311;48.67,48.68,48.64,48.66,48.66,390,0,572455,201705021312;48.66,48.66,48.65,48.66,48.66,55,0,572455,201705021313;48.66,48.66,48.64,48.65,48.65,81,0,572455,201705021314;48.65,48.66,48.64,48.66,48.66,63,0,572455,201705021315;48.66,48.66,48.65,48.66,48.66,47,0,572455,201705021316;48.66,48.66,48.65,48.66,48.66,61,0,572455,201705021317;48.66,48.66,48.64,48.64,48.64,115,0,572455,201705021318;48.64,48.66,48.64,48.65,48.65,61,0,572455,201705021319;48.65,48.66,48.65,48.65,48.65,24,0,572455,201705021320;48.65,48.66,48.64,48.65,48.65,90,0,572455,201705021321;48.65,48.65,48.63,48.63,48.63,128,0,572455,201705021322;48.63,48.64,48.62,48.63,48.63,118,0,572455,201705021323;48.63,48.65,48.62,48.64,48.64,106,0,572455,201705021324;48.64,48.65,48.63,48.64,48.64,51,0,572455,201705021325;48.64,48.64,48.63,48.64,48.64,48,0,572455,201705021326;48.64,48.64,48.63,48.64,48.64,12,0,572455,201705021327;48.64,48.64,48.63,48.63,48.63,24,0,572455,201705021328;48.63,48.63,48.62,48.63,48.63,127,0,572455,201705021329;48.63,48.64,48.62,48.62,48.62,89,0,572455,201705021330;48.62,48.63,48.62,48.62,48.62,49,0,572455,201705021331;48.62,48.63,48.62,48.63,48.63,59,0,572455,201705021332;48.63,48.63,48.62,48.62,48.62,16,0,572455,201705021333;48.63,48.64,48.63,48.64,48.64,39,0,572455,201705021334;48.64,48.65,48.63,48.64,48.64,100,0,572455,201705021335;48.64,48.65,48.63,48.65,48.65,47,0,572455,201705021336;48.65,48.65,48.64,48.65,48.65,47,0,572455,201705021337;48.65,48.65,48.64,48.65,48.65,53,0,572455,201705021338;48.65,48.66,48.65,48.66,48.66,13,0,572455,201705021339;48.66,48.66,48.65,48.66,48.66,33,0,572455,201705021340;48.66,48.66,48.65,48.66,48.66,52,0,572455,201705021341;48.66,48.66,48.65,48.65,48.65,27,0,572455,201705021342;48.65,48.66,48.65,48.66,48.66,45,0,572455,201705021343;48.66,48.66,48.65,48.65,48.65,51,0,572455,201705021344;48.65,48.66,48.64,48.65,48.65,72,0,572455,201705021345;48.65,48.65,48.64,48.65,48.65,46,0,572455,201705021346;48.65,48.66,48.64,48.66,48.66,146,0,572455,201705021347;48.66,48.66,48.64,48.65,48.65,49,0,572455,201705021348;48.65,48.65,48.64,48.65,48.65,46,0,572455,201705021349;48.65,48.66,48.65,48.65,48.65,16,0,572455,201705021350;48.65,48.66,48.65,48.66,48.66,12,0,572455,201705021351;48.66,48.66,48.64,48.65,48.65,100,0,572455,201705021352;48.65,48.66,48.64,48.66,48.66,70,0,572455,201705021353;48.66,48.67,48.65,48.67,48.67,34,0,572455,201705021354;48.67,48.67,48.66,48.67,48.67,32,0,572455,201705021355;48.67,48.67,48.65,48.65,48.65,35,0,572455,201705021356;48.65,48.66,48.65,48.65,48.65,8,0,572455,201705021357;48.65,48.66,48.65,48.66,48.66,14,0,572455,201705021358;48.66,48.66,48.65,48.66,48.66,49,0,572455,201705021359;48.66,48.66,48.65,48.66,48.66,30,0,572455,201705021400;48.66,48.66,48.65,48.66,48.66,108,0,572455,201705021401;48.66,48.67,48.63,48.63,48.63,144,0,572455,201705021402;48.63,48.64,48.63,48.64,48.64,84,0,572455,201705021403;48.64,48.64,48.63,48.64,48.64,16,0,572455,201705021404;48.64,48.64,48.60,48.60,48.60,410,0,572455,201705021405;48.60,48.62,48.60,48.62,48.62,261,0,572455,201705021406;48.62,48.62,48.61,48.61,48.61,95,0,574418,201705021407;48.61,48.64,48.61,48.64,48.64,185,0,574418,201705021408;48.64,48.65,48.63,48.63,48.63,42,0,574418,201705021409;48.63,48.64,48.61,48.61,48.61,101,0,574418,201705021410;48.62,48.63,48.61,48.61,48.61,96,0,574418,201705021411;48.61,48.63,48.61,48.62,48.62,135,0,574418,201705021412;48.62,48.62,48.60,48.62,48.62,107,0,574418,201705021413;48.62,48.63,48.61,48.63,48.63,91,0,574418,201705021414;48.63,48.63,48.62,48.62,48.62,102,0,574418,201705021415;48.62,48.63,48.60,48.63,48.63,254,0,574418,201705021416;48.63,48.64,48.63,48.64,48.64,14,0,574418,201705021417;48.63,48.66,48.63,48.66,48.66,177,0,574418,201705021418;48.66,48.68,48.64,48.67,48.67,150,0,574418,201705021419;48.67,48.68,48.66,48.67,48.67,64,0,574418,201705021420;48.67,48.67,48.64,48.64,48.64,43,0,574418,201705021421;48.64,48.65,48.64,48.65,48.65,59,0,574418,201705021422;48.65,48.66,48.65,48.66,48.66,36,0,574418,201705021423;48.65,48.65,48.64,48.65,48.65,52,0,574418,201705021424;48.65,48.66,48.65,48.66,48.66,58,0,574418,201705021425;48.66,48.66,48.65,48.66,48.66,56,0,574418,201705021426;48.66,48.67,48.66,48.67,48.67,9,0,574418,201705021427;48.67,48.67,48.66,48.67,48.67,5,0,574418,201705021428;48.67,48.67,48.64,48.64,48.64,80,0,574418,201705021429;48.64,48.65,48.63,48.64,48.64,80,0,574418,201705021430;48.64,48.65,48.63,48.64,48.64,60,0,574418,201705021431;48.64,48.64,48.63,48.64,48.64,7,0,574418,201705021432;48.64,48.65,48.63,48.65,48.65,104,0,574418,201705021433;48.65,48.67,48.65,48.66,48.66,116,0,574418,201705021434;48.66,48.69,48.66,48.68,48.68,146,0,574418,201705021435;48.69,48.69,48.68,48.68,48.68,67,0,574418,201705021436;48.68,48.69,48.67,48.68,48.68,73,0,574418,201705021437;48.68,48.69,48.67,48.69,48.69,93,0,574418,201705021438;48.69,48.70,48.68,48.69,48.69,208,0,574418,201705021439;48.69,48.69,48.68,48.69,48.69,61,0,574418,201705021440;48.69,48.70,48.68,48.68,48.68,120,0,574418,201705021441;48.68,48.70,48.68,48.69,48.69,78,0,574418,201705021442;48.69,48.69,48.68,48.69,48.69,16,0,574418,201705021443;48.69,48.70,48.68,48.70,48.70,97,0,574418,201705021444;48.70,48.70,48.68,48.68,48.68,30,0,574418,201705021445;48.68,48.69,48.67,48.68,48.68,117,0,574418,201705021446;48.68,48.69,48.67,48.69,48.69,69,0,574418,201705021447;48.69,48.70,48.68,48.70,48.70,118,0,574418,201705021448'});
		jQuery22306389197914368026_1493706777806({success:true,data:'CL1706,48.70,34,48.69,25,48.84,48.78,48.80,48.60,48.70,0.00,48.84,21506,0,574418,0,48.84,58.84,38.84,1493707660000,-20.0,20.0,1493707660000'});
